Some((
    red: 0.22454831,
    green: 0.652591,
    blue: 0.29588878,
))