Some((
    red: 0.42593026,
    green: 0.4657941,
    blue: 0.64336926,
))