Some((
    red: 0.2235294,
    green: 0.6509804,
    blue: 0.2941176,
))